3.30000000	-692.01824363	-691.99746891	-691.76066501	-691.81171996	-691.80224672	-692.01676354	-691.84220740	-691.83426925	-691.82861670	-691.63249333	-691.84765814	-691.81640265	-691.76810789	-692.03981978	-691.83444746	-691.79767743	-691.47936379	-691.47252996	-691.43120023	-691.66267642	-691.60727601	-691.44971347	-691.68270405	-691.63178143	-691.50471475 
3.40000000	-692.07637969	-692.05601124	-691.83218079	-691.87361707	-691.86393845	-692.07488121	-691.91625249	-691.90861701	-691.90328119	-691.70319253	-691.90900942	-691.88025689	-691.82464054	-692.09771922	-691.90877494	-691.86978462	-691.56667921	-691.56050474	-691.50403329	-691.74303492	-691.68048855	-691.53583955	-691.75337540	-691.68789177	-691.56759882 
3.50000000	-692.12135033	-692.10139727	-691.89008751	-691.92281263	-691.91478573	-692.11985473	-691.97603730	-691.96902626	-691.96400825	-691.76301327	-691.95755560	-691.93354572	-691.78472839	-692.14259160	-691.96914713	-691.92810504	-691.64129565	-691.63566877	-691.56265198	-691.81110499	-691.73791171	-691.61683429	-691.81213795	-691.73091190	-691.64157247 
3.60000000	-692.15558584	-692.13606777	-691.93692194	-691.96151523	-691.95697851	-692.15411861	-692.02401684	-692.01727887	-692.01256053	-691.81223815	-691.99556955	-691.97714646	-691.83904369	-692.17663490	-692.01740941	-691.97496557	-691.70514022	-691.69997289	-691.60963175	-691.86870490	-691.78265411	-691.68722656	-691.86101792	-691.76341818	-691.70515118 
3.70000000	-692.18112623	-692.16206164	-691.97469429	-691.99189617	-691.99165150	-692.17969754	-692.06226656	-692.05580156	-692.05137268	-691.85340197	-692.02491333	-692.01304514	-691.88659236	-692.20200311	-692.05594572	-692.01263531	-691.75968699	-691.75518137	-691.64537685	-691.91737600	-691.81724843	-691.74783696	-691.90174552	-691.78759381	-691.75971097 
3.80000000	-692.19964548	-692.18105061	-692.00515530	-692.01940927	-692.01607409	-692.19825885	-692.09250439	-692.08630634	-692.08215600	-691.88794589	-692.04707648	-692.04273107	-691.92705233	-692.22036267	-692.08646487	-692.04284702	-691.80662539	-691.80247607	-691.68285586	-691.95847424	-691.84389107	-691.79975756	-691.93581080	-691.80660621	-691.80534417 
3.90000000	-692.21251599	-692.19440893	-692.02974274	-692.04261853	-692.03408844	-692.21117172	-692.11615412	-692.11021151	-692.10632814	-691.91704454	-692.06479567	-692.06608711	-691.96125241	-692.23308119	-692.11038295	-692.06703236	-691.84699126	-691.84315824	-691.71453988	-691.99314985	-691.86440200	-691.84351594	-691.96432564	-691.84694332	-691.81807174 
4.00000000	-692.22086281	-692.20326555	-692.04961398	-692.06139941	-692.04782869	-692.21955964	-692.13439702	-692.12869350	-692.12506505	-691.94165050	-692.08359771	-692.07941767	-691.99007013	-692.24127985	-692.12887468	-692.08635234	-691.88186087	-691.87832529	-691.75513200	-692.02243945	-691.88600977	-691.87390506	-691.98838267	-691.88179006	-691.82856043 
4.10000000	-692.22560703	-692.20854651	-692.06567370	-692.07653719	-692.05819300	-692.22434299	-692.14821239	-692.14272886	-692.13934304	-691.96253157	-692.09888912	-692.08913802	-692.01429333	-692.24587730	-692.14291536	-692.10173463	-691.91190791	-691.90864841	-691.80093442	-692.04711676	-691.91667982	-691.88517716	-692.00882428	-691.91190090	-691.85019580 
4.20000000	-692.22750219	-692.21101074	-692.07861662	-692.08868940	-692.06591909	-692.22627516	-692.15841160	-692.15312826	-692.14997265	-691.98030938	-692.11114700	-692.09618568	-692.03458548	-692.24762571	-692.15331497	-692.11391319	-691.93781026	-691.93480890	-691.84006447	-692.06783739	-691.94425107	-691.89149196	-692.02624528	-691.93794233	-691.88427119 
4.25000000	-692.22757864	-692.21138545	-692.08409078	-692.09382196	-692.06898332	-692.22636933	-692.16236988	-692.15717928	-692.15413414	-691.98819397	-692.11631383	-692.09890071	-692.04343455	-692.24762844	-692.15736414	-692.11898711	-691.94946697	-691.94658754	-691.85780088	-692.07694538	-691.95654619	-691.89367675	-692.03391029	-691.94962811	-691.89694911 
4.30000000	-692.22716470	-692.21127970	-692.08897530	-692.09840811	-692.07160024	-692.22597261	-692.16566653	-692.16056388	-692.15762614	-691.99548153	-692.12092206	-692.10116173	-692.05150075	-692.24714028	-692.16074564	-692.12346721	-691.96033511	-691.95757362	-691.87444815	-692.08530074	-691.96792459	-691.89522703	-692.04097729	-691.96051179	-691.90843414 
4.40000000	-692.22509876	-692.20986191	-692.09716420	-692.10616017	-692.07570601	-692.22394153	-692.17053178	-692.16559250	-692.16286041	-692.00845121	-692.12867987	-692.10453201	-692.06549521	-692.24492540	-692.16576465	-692.13085611	-691.97993047	-691.97739372	-691.90475225	-692.09999035	-691.98820627	-691.89651165	-692.05353255	-691.98012048	-691.92928848 
4.50000000	-692.22171668	-692.20717264	-692.10351440	-692.11234341	-692.07861155	-692.22059082	-692.17347041	-692.16867476	-692.16613624	-692.01954661	-692.13480816	-692.10665026	-692.07693952	-692.24138769	-692.16883352	-692.13644812	-691.99750846	-691.99518057	-691.93233424	-692.11301563	-692.00670848	-691.87527618	-692.06463906	-691.99774696	-691.94821741 
4.60000000	-692.21735485	-692.20355011	-692.10829692	-692.11731107	-692.08064870	-692.21625845	-692.17486091	-692.17019137	-692.16783453	-692.02903720	-692.13962636	-692.10776774	-692.08612109	-692.23686283	-692.17033401	-692.14054221	-692.01229622	-692.01016320	-691.95572534	-692.12325086	-692.02142539	-691.89232451	-692.07370491	-692.01252489	-691.96521541 
4.70000000	-692.21227426	-692.19926566	-692.11172287	-692.12156087	-692.08180019	-692.21120069	-692.17500558	-692.17045664	-692.16826979	-692.03714721	-692.14339265	-692.10801876	-692.09324112	-692.23162201	-692.17058166	-692.14338418	-692.02512675	-692.02317848	-691.97625692	-692.13168055	-692.03394832	-691.91044362	-692.08139679	-692.02534192	-691.98061278 
4.80000000	-692.20670229	-692.19453386	-692.11402617	-692.12468659	-692.08470417	-692.20564168	-692.17416893	-692.16973039	-692.16770226	-692.04406889	-692.14631079	-692.10731876	-692.09857662	-692.22588480	-692.16983764	-692.14517900	-692.03626458	-692.03449122	-691.99425729	-692.13856308	-692.04462913	-691.92782983	-692.08791008	-692.03646313	-691.99452367 
4.90000000	-692.20085493	-692.18954476	-692.11536259	-692.12694358	-692.08910724	-692.19981366	-692.17259558	-692.16822584	-692.16634648	-692.04997287	-692.14856746	-692.10486018	-692.10353682	-692.21981878	-692.16831591	-692.14609543	-692.04593224	-692.04432401	-692.01001459	-692.14411391	-692.05374973	-691.94406448	-692.09340789	-692.04611168	-692.00705278 
5.00000000	-692.19485680	-692.18442786	-692.11587326	-692.12865279	-692.09267748	-692.19383551	-692.17043982	-692.16612288	-692.16438200	-692.05499200	-692.15026411	-692.10711016	-692.10536749	-692.21357975	-692.16619574	-692.14629441	-692.05431906	-692.05287056	-692.02378534	-692.14851768	-692.06154357	-691.95905729	-692.09802875	-692.05447891	-692.01830607 
5.10000000	-692.18882268	-692.17928710	-692.11568657	-692.12990729	-692.09534930	-692.18782243	-692.16784429	-692.16358090	-692.16196695	-692.05923269	-692.15145670	-692.10984842	-692.10810518	-692.20730954	-692.16363528	-692.14592255	-692.06158800	-692.06029474	-692.03579898	-692.15193417	-692.06820558	-691.97281842	-692.10189140	-692.06172983	-692.02838918 
5.20000000	-692.18284374	-692.17420048	-692.11491237	-692.13077377	-692.09723652	-692.18186668	-692.16492671	-692.16071123	-692.15921408	-692.06280156	-692.15223159	-692.11207429	-692.11004526	-692.20107828	-692.16074697	-692.14506952	-692.06788404	-692.06674014	-692.04625978	-692.15450243	-692.07389949	-691.98540077	-692.10509809	-692.06800724	-692.03740185 
5.30000000	-692.17699098	-692.16922473	-692.11364558	-692.13130305	-692.09849115	-692.17604050	-692.16178373	-692.15754517	-692.15622464	-692.06619286	-692.15263538	-692.11392867	-692.11109482	-692.19492557	-692.15764204	-692.14379134	-692.07332879	-692.07233192	-692.05534926	-692.15634382	-692.07876353	-691.99687452	-692.10773799	-692.07343526	-692.04545006 
5.40000000	-692.17131862	-692.16440003	-692.11196871	-692.13153638	-692.09927657	-692.17039929	-692.15849471	-692.15429681	-692.15307967	-692.07242511	-692.15271284	-692.11533639	-692.11138880	-692.18895874	-692.15437916	-692.14223569	-692.07802971	-692.07718008	-692.06322818	-692.15756451	-692.08291505	-692.00731666	-692.10988828	-692.07812194	-692.05262264 
5.50000000	-692.16586710	-692.15975400	-692.10995391	-692.13151010	-692.09975385	-692.16498427	-692.15512507	-692.15096694	-692.14984612	-692.07785676	-692.15250145	-692.11631916	-692.11115156	-692.18319186	-692.15103486	-692.14043653	-692.08208082	-692.08138226	-692.07003820	-692.15825737	-692.08645407	-692.01680562	-692.11161650	-692.08216154	-692.05900626 
5.60000000	-692.15986164	-692.15501920	-692.08631132	-692.13114861	-692.09975248	-692.15964646	-692.15161908	-692.14760976	-692.14657858	-692.08257722	-692.15203392	-692.11692017	-692.11049825	-692.17765291	-692.14766347	-692.13845212	-692.08556471	-692.08502632	-692.07590307	-692.15850360	-692.08946419	-692.02541636	-692.11298171	-692.08563651	-692.06468102 
5.70000000	-692.15496493	-692.15079059	-692.08974343	-692.13068687	-692.10007486	-692.15475458	-692.14822832	-692.14426900	-692.14332124	-692.08666975	-692.15133938	-692.11719547	-692.10950306	-692.17235928	-692.14430878	-692.13633229	-692.08855396	-692.08819289	-692.08092920	-692.15837434	-692.09202302	-692.03322714	-692.11403566	-692.08861807	-692.06972123 
5.80000000	-692.15035710	-692.14678115	-692.09274957	-692.13006773	-692.10040198	-692.15014989	-692.14489377	-692.14097973	-692.14010962	-692.09020925	-692.15044372	-692.11719921	-692.10822634	-692.16731917	-692.14100586	-692.13411999	-692.09108116	-692.09098940	-692.08520556	-692.15793148	-692.09419156	-692.04030564	-692.11482361	-692.09117158	-692.07419215 
6.00000000	-692.14201689	-692.13943219	-692.09764423	-692.12847784	-692.10111665	-692.14181294	-692.13850795	-692.13466833	-692.13393822	-692.09588535	-692.14814330	-692.11659415	-692.10524713	-692.15800181	-692.13466846	-692.12957165	-692.09558183	-692.09515443	-692.09177892	-692.15631380	-692.09756846	-692.05252341	-692.11575577	-692.09520734	-692.08166717 
6.20000000	-692.13481868	-692.13297881	-692.10129250	-692.12659645	-692.10185208	-692.13461684	-692.13263877	-692.12888464	-692.12827855	-692.10004607	-692.14534619	-692.11545388	-692.10310255	-692.14969650	-692.12886255	-692.12511669	-692.09939062	-692.09806248	-692.09610036	-692.15400274	-692.09994836	-692.06253882	-692.11604059	-692.09811197	-692.08752819 
6.40000000	-692.12870015	-692.12740576	-692.10394420	-692.12459704	-692.10251069	-692.12850183	-692.12739505	-692.12378663	-692.12329468	-692.10303319	-692.14226306	-692.11404278	-692.10244976	-692.14236370	-692.12374695	-692.12102377	-692.10247900	-692.10012247	-692.09882963	-692.15126184	-692.10159612	-692.07074885	-692.11587621	-692.10016998	-692.09211668 
6.60000000	-692.12357741	-692.12267929	-692.10581158	-692.12260554	-692.10303794	-692.12338497	-692.12282964	-692.11944947	-692.11906802	-692.10512048	-692.13904877	-692.11252522	-692.10261470	-692.13590080	-692.11939607	-692.11747830	-692.10478786	-692.10155351	-692.10060350	-692.14828596	-692.10271039	-692.07748443	-692.11541771	-692.10159970	-692.09570649 
6.80000000	-692.11935131	-692.11874457	-692.10707018	-692.12070402	-692.10342336	-692.11915971	-692.11895432	-692.11587768	-692.11561165	-692.10652524	-692.13583410	-692.11097258	-692.10312773	-692.13019009	-692.11581695	-692.11459453	-692.10640504	-692.10252266	-692.10178074	-692.14521695	-692.10343975	-692.08301856	-692.11477603	-692.10256764	-692.09851273 
7.00000000	-692.11590231	-692.11553332	-692.10786655	-692.11893890	-692.10368156	-692.11571279	-692.11573735	-692.11291465	-692.11295189	-692.10743942	-692.13273753	-692.10947616	-692.10379096	-692.12513851	-692.11295533	-692.11240382	-692.10747320	-692.10315646	-692.10255744	-692.14215613	-692.10389481	-692.08757472	-692.11403445	-692.10320000	-692.10071215 
7.50000000	-692.11020241	-692.11002801	-692.10833091	-692.11521825	-692.10393211	-692.11002587	-692.10987361	-692.10925083	-692.10833804	-692.10739249	-692.12616048	-692.10663456	-692.10568028	-692.11526782	-692.10825909	-692.10955406	-692.10856128	-692.10384024	-692.10346370	-692.13494891	-692.10431732	-692.09579689	-692.11209601	-692.10387793	-692.10435360 
8.00000000	-692.10885164	-692.10678806	-692.10633849	-692.11242252	-692.10389614	-692.10680796	-692.10664488	-692.10860844	-692.10586127	-692.10549147	-692.12194030	-692.10673826	-692.10625145	-692.11000843	-692.10577754	-692.10910668	-692.10844493	-692.10388986	-692.10364207	-692.12876017	-692.10426434	-692.10096697	-692.11040233	-692.10391833	-692.10634376 
8.50000000	-692.10809755	-692.10505464	-692.10482037	-692.11035348	-692.10376995	-692.10505084	-692.10491332	-692.10793759	-692.10452989	-692.10431722	-692.11901949	-692.10787207	-692.10561642	-692.10838431	-692.10443989	-692.10905043	-692.10787237	-692.10372915	-692.10356316	-692.12372490	-692.10408643	-692.10425399	-692.10914085	-692.10374437   -692.10739929 
9.00000000	-692.10736266	-692.10413415	-692.10399099	-692.10882071	-692.10362289	-692.10409806	-692.10398896	-692.10719167	-692.10353345	-692.10342196	-692.11650174	-692.10628915	-692.10396487	-692.10836408	-692.10353484	-692.10785591	-692.10722111	-692.10380654	-692.10380654	-692.11977872	-692.10856379	-692.10501183	-692.10799817	-692.10370939	-692.10785591
10.00000000	-692.10613239	-692.10337442	-692.10331479	-692.10681022	-692.10337110	-692.10328288	-692.10321627	-692.10599066	-692.10323527	-692.10318757	-692.11309432	-692.10651054	-692.10463750	-692.10882467	-692.10321831	-692.10726831	-692.10599663	-692.10318946	-692.10318946	-692.11459710	-692.10731420	-692.10469059	-692.10908765	-692.10307431	-692.10726831
11.00000000	-692.10527762	-692.10314454	-692.10312232	-692.10562979	-692.10322565	-692.10301692	-692.10297548	-692.10514262	-692.10307907	-692.10306408	-692.11080581	-692.10642003	-692.10472060	-692.10842467	-692.10304985	-692.10542582	-692.10514302	-692.10300312	-692.10300312	-692.11132990	-692.10503187	-692.10457673	-692.10928995	-692.10309034	-692.10542582
15.00000000	-692.10382920	-692.10312403	-692.10310771	-692.10385472	-692.10311120	-692.10291740	-692.10290878	-692.10370175	-692.10299623	-692.10297476	-692.10903914	-692.10437531	-692.10467119	-692.10822467	-692.10293436	-692.10457530	-692.10369922	-692.10299198	-692.10299198	-692.10975111	-692.10422256	-692.10455364	-692.10883518	-692.10281058	-692.10457530
20.00000000	-692.10334926	-692.10316813	-692.10314293	-692.10332024	-692.10313972	-692.10294643	-692.10294438	-692.10322425	-692.10303950	-692.10300909	-692.11119444	-692.10375510	-692.10473518	-692.11117671	-692.10295552	-692.10456307	-692.10322156	-692.10303580	-692.10303580	-692.11131842	-692.10361349	-692.10461859	-692.11108291	-692.10283848	-692.10456307
50.00000000	-692.10305548	-692.10296054	-692.10296052	-692.10301019	-692.10292334	-692.10291975	-692.10291973	-692.10293045	-692.10288767	-692.10288765	-692.11094350	-692.10339998	-692.10459541	-692.11140053	-692.10301025	-692.10459467	-692.10292771	-692.10288399	-692.10288399	-692.11103997	-692.10325894	-692.10448031	-692.11130174	-692.10289602	-692.10459467
100.00000000	-692.10303991	-692.10296615	-692.10296615	-692.10299449	-692.10292890	-692.10292534	-692.10292534	-692.10291490	-692.10279866	-692.10279866	-692.11092994	-692.10338164	-692.10450610	-692.11139853	-692.10292060	-692.10450226	-692.10291216	-692.10279499	-692.10279499	-692.11102016	-692.10324063	-692.10439159	-692.11131223	-692.10280695	-692.10450226
200.00000000	-692.10303806	-692.10296694	-692.10296694	-692.10299263	-692.10292969	-692.10292613	-692.10292613	-692.10291306	-692.10279945	-692.10279945	-692.11092879	-692.10337946	-692.10450711	-692.11140076	-692.10292138	-692.10450287	-692.10291032	-692.10279578	-692.10279578	-692.11101901	-692.10323846	-692.10439261	-692.11131447	-692.10280774	-692.10450287
#300.00000000	-692.10303788	-692.10296716	-692.10296716	-692.10299245	-692.10292977	-692.10292633	-692.10292635																		
